n = 10
-2037.630950 1699.747374 -1751.113596 -1041.893725 -634.865852 116041.689635 -558.242142 1407.566155 1977.839890 -7177.195717 
583.307340 -1066.907423 -1283.592930 -2645.198152 -730.961353 32662.719149 -236.482849 -1850.418392 -3901.056694 -5596.153046 
1968.992479 -777.441549 -604.241725 -2834.259369 -289.433085 -85446.771368 450.339651 -2055.835636 1910.049810 -3672.226542 
1336.196112 1327.806872 196.544985 952.241669 -250.780792 25784.926800 2281.311205 1949.769490 5640.493599 -3912.918095 
-1782.548153 2487.567874 -2882.600798 -254.724035 -3571.375322 -100265.452670 -3397.526320 442.407009 -3664.804011 2412.882168 
1152.597629 -1634.114588 -557.158816 1251.178000 166.665609 33422.175491 -291.158491 -28.031530 -6158.309235 -952.292814 
-14741.732487 3254.233032 458.070329 -31.712712 -1726.549733 893230.405441 1232.262771 2352.470253 -1121.554001 -884.145156 
5142.022064 -3772.344691 -1342.275309 3653.010189 -544.404291 -269226.402311 2574.963827 2128.924310 -1215.665580 -12508.439020 
-4980.858871 1592.066091 -1896.424530 -1895.488428 -2077.516300 376507.617594 186.552607 -331.505674 1261.776049 -3919.161016 
2295.243204 -737.441448 -286.797444 782.099984 386.308008 -57745.389907 683.056543 1225.803449 740.669318 3799.115273 
