n = 50
24151.094419 32237.825758 -9424.018206 -1250.798935 -21267.239568 1552.570272 14523.118719 5936.126159 483.405107 3698.515066 -1782.330480 -16735.073881 -18163.326215 -41142.945602 4932.154249 -13501.214306 -998.137898 -956.402575 -6179.656367 13987.258453 -6898.471234 -17230.598849 5286.005105 -49643.176782 -82279.687500 -11566.949913 -72659.296920 -7051.157244 50978.734649 -1229.428092 9068.782671 -38604.310194 -395.140842 4430.003659 4780.902556 4701.106172 22587.554601 -7878.279451 25892.020662 1349.322485 9289.777765 -10961.139045 -5272.097522 -248438.682154 -13553.232283 -302412.568487 -9081.365907 -9254.179825 -1062.554116 10940.309820 
38300.894807 14084.026196 496.405075 -3507.651612 16.924612 2756.472853 -7487.708439 -15128.322100 -27817.999938 3615.899303 5525.175661 -364196.951424 -15823.930317 196954.552013 -7668.358317 -25233.143547 12750.389776 4539.835152 235593.393789 19305.558055 -69183.830589 9990.322198 932762.930135 -17198.032608 26486.155708 -5667.460618 23030.594224 13520.841977 -124.623732 -11265.850033 -33471.367505 -4941.946048 -8724.716602 -2631.232051 28422.426707 -1861.357556 1461.813926 10515.576672 -2768.966958 -7404.120079 -5249.853386 -863.983418 155904.131237 14470.021000 -62935.098157 368373.234932 -12989.711877 20201.157844 -12356.070177 8339.562689 
-71821.393248 -440547.024958 -25889.594630 8852.395866 -50342.710046 20053.384446 32339.641492 9238.629672 -1806.409043 37652.496396 2346.549664 -54285.887585 26220.521334 -145930.252826 19194.295448 17855.450651 -14376.025118 -17781.458194 81649.581873 14420.701195 68076.557500 -53486.401489 1051001.587810 -11625.003511 23602.138100 -73205.158566 -8808.641297 -45570.057420 -101871.689477 51046.059010 -9433.558585 170.880681 -14255.792131 -4136.077809 -8820.966886 20098.173681 65150.897563 -4374.389209 -80036.466638 8796.066472 -34566.405182 -13699.869105 234120.477915 -256598.994454 -95784.719465 657735.433165 29574.438456 -6483.321774 -34169.443525 221947.685588 
11847.027646 -12736.237823 -3094.992313 -16461.282008 -50397.304895 21133.845452 30124.557898 34277.464970 -599.048744 -23172.953824 -4938.758665 -14677.558703 -19182.137347 19606.197045 39179.191424 30754.664615 -76866.106301 -5963.304208 -1297110.345568 72119.987284 -26592.997613 -10800.011828 -347114.882327 81149.242419 186052.483604 -30964.577409 -4456.820390 14486.491812 -32202.668939 -6075.780691 24538.147858 -257426.487683 -1709.636055 34756.236274 -6975.096884 1332.839251 22451.074439 -5727.400021 -39494.962381 4047.397546 -2619.583273 28697.160599 99847.744410 36258.162248 -20869.892083 200171.326043 85920.817657 -1302.474538 60924.915717 7306.775549 
13384.110249 -25977.973974 -5853.116082 29086.864263 -5202.746218 2342.633708 17112.514787 -11375.633840 -3404.650410 2388.865443 17430.117054 -78503.853164 20089.322432 -39695.727024 130873.315790 -1197.819639 -4741.909578 -8981.830995 45769.917199 11028.327968 28246.597097 -22883.133344 466480.831080 45302.558707 62138.019382 4394.144084 7441.467582 5003.277831 -193997.438630 1302.882870 1799.005563 -14447.103287 14391.404766 -20898.796382 2557.420404 3944.399401 -34191.949855 8730.190177 -10311.071089 -467.282572 11045.174764 10555.542324 13444.306300 182233.931437 11904.779484 -86825.861383 -3986.803990 -3368.186367 25156.551724 11329.646476 
-6219.746057 -3336.349009 12743.713670 6502.499242 20750.900407 -59.430377 -387.189480 -23671.150401 -7372.484585 -24938.796074 8693.894785 43824.907429 -53720.518050 61422.484493 3780.174987 11321.316756 19229.351725 8476.597488 85648.568183 -3806.702086 -8995.700811 18291.589945 -1360430.185498 38300.372369 -34656.185118 6412.084506 20097.362380 2123.999102 -25494.814117 -82269.108450 -22152.285172 7021.073962 12253.840936 -1109.861484 13942.417506 55029.172652 26964.149326 4626.792672 27416.852390 15956.024791 -4067.946863 15166.036435 37302.942751 10452.355936 -47656.007565 20682.908258 21782.655477 13827.001982 -10894.988630 -43222.523085 
-229133.036981 25108.842469 -21474.877994 -19887.363853 -7822.062245 -25948.696329 197659.180535 343517.662209 -4937.397341 20943.009916 15948.766397 88361.449492 34174.977611 20759.086648 -80085.807363 29617.597557 19761.323848 7456.165633 -168838.285768 -51782.448634 -6793.364397 -89661.427952 -282187.140615 38456.091338 60443.557987 16008.690170 8852.994821 -312.977730 74781.366960 51511.390460 2950.319550 51130.493740 -14045.289065 -43326.251981 -61585.552622 10331.993655 78601.458896 -25242.543579 -493530.946979 638.602544 3073.887354 -44683.465568 -53357.517919 163669.896555 -34057.387997 -250813.296873 31716.216343 -42963.033277 -4225.471992 -21674.916161 
-51780.729164 38908.455793 -31282.644381 15718.950829 -41425.639931 9907.619104 8885.143604 -2553.837421 6351.088587 -8662.245292 -19240.931740 27669.564038 68818.693617 -277237.434566 -4723.955354 9447.803528 -12311.486474 -28053.941927 -271091.170477 62403.375136 -27798.325472 -2530.456488 -3462780.605825 32049.631386 64663.512445 -36716.066515 5365.582481 -31294.672325 -19537.329849 13840.394300 -2742.121134 -217086.571441 -47996.057852 19725.990270 -45756.873213 -22621.867079 5292.014825 -8009.479234 41140.273032 3648.067318 -49559.191724 18854.751460 130506.338547 40779.178283 -3362.963127 2913981.288967 12467.082741 11996.969724 10534.111266 17300.669050 
153639.103279 -34698.164177 -4319.656700 -10662.634320 -14116.911613 -810.008021 19811.114892 -11430.490277 10921.589307 -1256.756118 -2487.885649 27554.354564 17867.421016 -116738.705537 -18336.668598 9717.961033 10844.713550 8761.446443 -89525.787234 5928.600654 -24880.852233 -8072.990268 24281.921211 -2240.005560 -27843.572547 29473.733349 -99690.758967 -7187.796099 7201.152026 -44480.019591 8621.067377 -37308.587016 -1289.817124 -2642.776180 -10230.879978 -14819.116153 59921.266498 3938.595134 7945.448639 -9858.611016 3748.860686 -4311.824549 41894.609168 -63921.474906 25620.479316 -17176.882000 -9283.491888 5338.908543 6514.237361 21637.792507 
-91286.976564 -261561.567585 -31793.421376 13355.352504 173392.148079 -28228.922505 -48901.275991 -20709.462476 7596.742533 39417.751204 11309.680515 -26070.794657 -91813.841069 -10027.425508 -9922.807790 -2882.872672 -3617.377739 24763.696813 -67127.552621 8676.623414 -33451.741369 -13679.166277 -48458389.535564 48733.529968 47592.520161 -25459.544153 -15386.528615 33338.956979 -5199.708613 -18548.825975 502.286243 10214.330172 -33584.522422 66865.356706 -42470.109723 130662.270801 52987.220291 -45521.595399 -36122.538692 50980.355284 40221.657739 17678.592541 68464.913340 98701.765749 -32277.852945 98442.329717 53354.046119 -38850.988377 22734.087905 -64590.767645 
31890.601556 -43065.857807 43020.726849 46386.531940 111209.657264 53232.742254 -11103.491836 22591.985793 204496.929387 306174.712589 -47101.319193 78883.371422 -141318.942314 26851.702802 12037.624891 -2931.383357 13526.285649 -21892.016050 -345039.646197 2847.079096 60933.030404 -144823.094041 669717.757660 -372461.151287 -656871.251805 -3758.480034 -108581.434881 62930.914997 86446.316499 -673110.655478 -1653.033859 108949.762042 -46507.766763 -28610.907584 -10015.440796 25412.324344 21742.632247 -1813.015255 -8706.234293 141111.707780 -102131.553320 -9452.930335 -42836.023775 111415.703920 67227.927753 -695289.420787 -14534.354368 16799.624705 -163553.122028 -126430.323102 
61360.889298 143610.176608 -43221.904695 -672.569302 -12239.120618 1531.618836 -31731.648987 24869.317550 35712.004014 1352.275162 -14032.121632 -2030.354129 -14869.915526 -41634.407286 8951.811182 -19103.187572 -39859.753541 10141.186476 -9435.659717 38436.673324 6498.089239 786.954135 -101136.612092 14294.654252 -30784.079027 25513.699797 10538.721267 16664.144815 25346.397724 -5696.269783 -6089.604490 -9132.122159 -23737.533375 13869.939731 4738.764292 -8616.192569 -112373.267585 17243.611111 -4038.185385 -1111.543059 -5531.273919 61018.719306 145493.098133 70100.644252 -5688.267149 18441.117733 15700.444149 -9961.589633 34600.945411 -110541.878643 
-13289.694768 24317.639335 7365.457064 -1890.864099 3140.469444 7830.803613 6121.665033 -3389.870289 21257.748339 8781.961807 2465.515990 -56567.356842 -16713.698637 -160053.762966 4138.471046 -7277.766723 -1968.806447 -600.246642 -2267.750637 7317.766449 10500.309843 -3088.235510 937034.701523 987.924444 -42482.381234 -8320.202659 -16662.386572 -1408.818283 -35188.418701 -24009.811490 -7130.857910 3552.964057 5164.092581 7173.203450 -27638.428305 1983.918690 395.815469 -2758.923047 5506.538965 15231.200133 3791.589275 -2168.117872 -16701.205515 140879.298746 -8141.541371 -4342.587185 -262.579984 2728.205369 -36442.414190 4248.934181 
-6902.132695 36736.292733 -7327.368255 -8847.598722 -15059.342401 -12677.276136 -26380.529484 8571.034791 -35075.890955 -47936.396314 -7526.791393 31903.479276 89977.808853 -15124.183554 2279.863700 473.084056 21174.650983 28062.246123 94026.183855 -36047.062063 -22338.743494 72546.248001 -703857.853232 24559.885188 204896.839345 -9896.284262 -3558.133764 -63761.129292 -30312.075985 214897.596035 3011.737857 19662.393409 10412.760249 -10933.706275 5141.724266 15765.096674 -26425.781971 11997.664918 34958.089344 -20721.553877 16565.879904 5204.537555 -5070.637668 -127789.421369 180074.645843 32938.837025 -15293.839999 -28111.178716 -40442.576240 37601.735370 
45722.567417 61976.946779 9405.964641 5943.337194 -9592.743322 -546.376416 -9617.205456 -9051.807161 1415.869440 4082.243387 8325.386256 -365771.225777 -42831.309272 36582.264577 16978.796888 -15601.077731 6864.690992 -3105.676656 92187.043723 26076.281510 -14638.434757 20824.163226 400668.258568 13646.136510 -464.639570 -15506.702748 -19552.280204 -425.696423 9239.679577 10230.045904 -41067.783395 -10300.937559 -2815.750312 12916.058863 15633.581877 90821.015993 19943.665456 327.963069 9839.463762 23222.904172 8911.339939 9994.741724 12890.866180 -146799.727234 12660.622605 -16221.154066 26475.502181 10054.919873 21218.447868 -12013.817415 
329869.098308 -21867.108385 13105.977354 -20086.432976 -53733.407980 13674.094775 454140.581156 298584.807329 37434.545804 -45445.833539 28288.901210 -55243.932020 -2459.224926 23067.695201 1377.691701 -50091.203164 5774.358256 11872.802503 -79483.101329 29566.339752 -31171.398457 -129146.442667 -854471.566794 -92679.292236 -43114.412080 -18922.062935 -49766.431356 -7542.180637 -87576.098889 32660.255231 -26924.312975 -42574.069919 -1801.348931 -7107.226966 -110126.608372 -16747.069320 -10159.568862 -26204.160927 81774.309415 -29778.582081 18070.209032 29066.046495 -51903.965406 222828.125936 78253.744761 347019.079919 -41222.147833 11096.244214 -58135.138621 -29413.040444 
2487.150161 17229.413732 -49835.425813 -11343.987897 14045.871013 -8383.620873 8190.596843 9306.533431 25381.439309 -18570.071638 -20708.086600 -48942.246424 40251.588158 -39212.902138 12214.659401 -30848.326831 17811.580035 37920.566490 -21523.014824 2622.161511 61333.626099 -544150.650470 -930406.682329 78623.376759 -12504.885328 4105.327909 89523.774287 124765.355763 13790.151935 -32017.452154 -8273.102704 -19117.592924 11687.846754 -7562.608976 -42058.166777 -6542.744073 5520.467090 -5822.752485 47424.467602 6903.814414 34920.977352 -145303.672806 169058.789132 -224791.244950 92769.192477 149949.074622 19694.077241 -800.013186 33343.700309 -23074.614477 
-39904.992554 204805.006195 -11131.078349 -22060.241555 -82734.221911 -45396.645301 3515.779493 1033213.955003 33045.895019 99519.719108 38224.180636 -13294.281756 -14702.734137 33923.495769 60181.469004 -8634.290847 22366.677701 201109.591209 337618.575138 23439.136384 27046.388694 41921.613043 25890761.666688 -7174.570044 -133669.150414 16374.275262 -3367.470938 -23930.925146 -18753.917409 29236.900883 -37626.985988 99294.276471 37986.453207 -38050.150071 46700.198775 24583.572057 -27496.606319 -14669.514744 50464.306907 -20748.524396 -15392.520209 3449.749643 957.298403 1618.803250 -44207.098263 218147.564460 19538.290526 6274.246992 4342.676135 -46386.273314 
-43771.271362 -6313.157577 -22694.735719 69749.214565 8034.807105 3356.441643 5428.637426 30913.952412 3391.332381 831.408874 14113.271817 39916.165083 -31865.902896 10461.121108 541.936075 -4709.737386 15169.575666 -13203.121453 196322.197768 -23211.249290 12735.928480 -16245.825513 2221681.489303 -45140.037286 224790.950678 -11818.938967 4554.074518 -7243.509025 -11622.980302 31432.120342 22555.940529 64350.482781 -34226.743313 -129.493473 2250.620843 3855.863643 9871.095707 -3894.837830 99876.929167 3995.347317 1415.396551 -702.398408 130707.576245 -209004.103953 -90301.470848 -92644.585768 131477.471048 -1526.908439 -14024.969901 -14610.645256 
251654.734639 576731.834904 42101.704892 160171.248285 53122.994911 34769.623619 -19637.084258 -183728.209831 21560.894103 35633.786457 -34598.879192 -63421.368926 456967.401462 -549673.585519 -25542.592421 336.371470 -2626.566421 -94779.945644 5646.635267 -21338.262927 -84478.003799 38388.346300 1850771.195366 -60716.494363 151787.023265 19844.640782 -33778.672845 -150.351102 -52602.188367 180782.392157 9848.691630 13638.665320 -5351.730239 -20652.143051 -75602.942335 -1440.117407 26016.472866 15070.656822 33705.133036 -7340.890379 16136.780798 -26705.431377 10638.117134 -717304.542264 319302.760601 52442.009797 55610.604956 40050.087288 40781.071700 22179.124523 
-68709.031702 41577.157150 -21642.772561 -9633.438581 -4150.001614 4471.437725 -9466.900204 21045.332661 -13747.176695 4071.063544 -1421.167478 16910.687528 5129.634667 13540.377799 14383.759868 -735.526651 -19008.878277 -7284.674511 -248332.216920 -7117.753483 4001.429725 -6286.711482 143581.552833 21987.801737 -33435.565348 11126.595089 -1340.421749 515.804116 1370.489482 2524.692769 -10389.985402 22585.980581 -14408.669876 9754.108606 1820.935466 2599.506602 -15895.353414 5626.919010 35292.774428 3353.590778 2385.305894 -654.350589 -167690.739666 220484.908797 47750.434353 -40839.567871 -22161.642744 1933.282058 43482.851300 10401.969409 
-16700.973251 28274.495523 -24706.483161 13345.617010 -5875.431392 2465.263927 13164.733689 33775.289024 6637.719457 -6666.061864 22885.054837 3822.870931 17827.731651 -97749.603450 19348.399898 -2694.220693 -1438.887440 -16108.238751 -108691.927950 1036.442073 -179430.108980 -22033.839167 1533745.576942 13528.632160 -21098.797632 18597.661443 -33843.859170 -13236.560226 -20412.584426 -18783.404418 -159.904144 -8731.388526 9905.412598 9039.266915 -230.786634 3792.873193 -2589.057057 15235.663393 20060.644268 -5762.736876 3934.054623 4367.898846 -8949.425585 95650.747460 27396.581328 -202221.082033 21152.604150 11135.121353 9364.186471 -25822.817199 
-24300.850133 48287.330431 -14146.324795 13654.331391 -7178.648177 1804.690562 -8558.139190 63132.512378 -10346.053635 -1376.535690 -9615.592479 -150201.691763 45702.350571 -99036.899658 3620.520765 -8018.842798 -16980.433536 -21584.639487 -66013.501455 598.482482 -23428.585814 -7028.351264 -150758.996593 10086.656954 42639.657271 -23474.114417 -15388.992232 -4610.628568 5733.605483 21223.461340 -17869.593039 -11334.785685 -19521.763381 -49860.279879 -849.802203 16668.109502 -21040.467693 -861.896067 -25689.472637 16787.220510 2539.767510 7974.621818 30771.791729 163441.931627 13414.074803 -729728.472504 14006.865758 2038.447829 -22190.915496 30512.230794 
-200345.247439 1268.579984 -16443.593007 1149.365891 -11027.446228 -5426.235323 11854.894505 50391.709237 10377.161335 -14951.166754 -139.288955 319949.845495 3182.693997 -170528.485581 18819.615031 9789.868208 -3753.265427 2693.028274 17622.188878 -12999.970936 18839.041590 -77446.405318 376153.026354 11904.271662 -10596.285093 -7341.479273 7678.413239 3548.801783 18330.192628 53907.359302 32925.621417 12589.673110 20019.080936 -13962.412825 -25232.110336 -6428.436963 -3175.600542 -10143.035278 33285.406679 7852.604893 5703.486410 -15201.204327 51760.857522 -48272.831569 -48048.141462 83788.578507 -1660.280895 -24233.265038 40573.082683 -24901.496632 
-738306.469711 -1176600.082388 -830794.899771 -3404157.974508 -82317.699121 -1035793.998791 4921967.175846 49869651.187694 -829329.573667 -3059882.545955 -1420879.822234 -141997.800712 1456500.075598 -837913.305073 884407.591339 5202082.737539 32334.708044 -283938.416211 218650.259099 -2642992.158935 3723086.700866 -7229747.886318 -1473323.763097 1216100.159399 -1102441.989965 720670.733724 -610603.297380 276195.479926 167626.154595 52824.376481 -164815.364578 2698441.579226 -14513.270585 -40401.259109 314426.472609 -398930.039823 395626.344796 -928025.404173 -2032699.396280 243153.108716 961531.238269 1093221.714730 1431737.270302 -175658.235504 -21654.358090 -2031848.870826 505794.632804 729129.961110 678290.159214 -357736.574966 
-270308.812721 -126232.817294 8973.800784 23195.681652 9375.168044 -24624.041670 -1353.738298 -229064.958378 51506.121124 -19590.796148 25234.027864 187309.019366 2800.330279 -27038.001601 -25417.309395 -33562.924695 40171.508656 106709.318728 165083.485119 -7525.456581 24345.604359 -45193.527684 -1616219.088104 693625.013640 -212906.152300 -34400.344136 6032.111918 8122.621623 14433.455413 -22584.963833 60520.532590 -71379.298179 2313.600460 -29755.023689 9467.569363 -39673.304313 -19695.449587 16501.710563 157295.980857 28936.967342 -29352.338925 -38188.634920 -21509.566182 -294069.723352 36397.958959 214202.570000 835109.245807 -787.882672 27464.610938 51516.637843 
2108.903610 -561.734178 -14168.621062 4213.942100 8109.224713 -22041.164090 -6611.127747 27331.145829 16105.303007 -4755.694337 -12489.743630 -112734.782830 -67533.282650 -3743.761335 -15832.820624 -9306.072326 4353.619075 5731.626463 -33011.296411 13029.838938 -19825.130386 43831.494843 -3180041.947294 -24508.696962 -30033.066370 34886.327269 -17201.773733 -10965.011553 -17987.723852 -35811.680539 -19248.605405 -23473.514467 -1870.351087 -17420.700166 13445.062018 75156.504795 -30979.231853 -6934.681914 4753.233141 40613.683532 -7074.081524 25358.718428 -126172.167286 -25085.390209 44601.347689 191939.672596 3430.309468 -1008.666079 29022.794301 -32543.460598 
-2153439.748815 -403641.359318 -476067.399775 757096.734988 -8022233.573852 85832.213006 279125.683997 143263.339031 530020.629850 -7983824.895640 -2500993.301799 -181149.210983 656254.467664 -674053.786113 53685.387540 251389.333604 1927329.332423 -308598.831757 635817.708436 -482626.557613 -289304.856346 -8365158.878561 -499538.121795 -1304601.802043 24488.783351 -408565.601966 1004162.109145 513876.923582 -1171386.358277 301839.698249 -546051.008398 -1044140.621680 152213.828897 -2862511.408546 8306567.250222 2008511.392220 -785124.067259 1284516.000362 -1119973.464034 242695.712519 -6352134.262278 1635750.056822 -409054.643791 -800537.008816 563844.005914 718244.503380 364034.785918 82345.179137 468467.275978 -926470.417462 
43741.117378 -21966.873223 -4820.188666 12079.520953 -18162.798892 -6307.522892 1476.516675 18892.094608 -12913.755782 -4348.231512 -1599.177596 -16839.317931 22787.167588 61591.678008 -10108.212374 -6105.909625 -1760.293407 -5544.750056 -34226.347244 -11055.833979 5898.037856 -35900.419235 548197.387993 -4701.803385 13357.982643 13071.931056 5097.186574 168.699309 2823.254528 20065.749108 1208.516332 30488.604116 -6416.006892 -5824.760748 24762.858525 -4522.068234 -9248.469675 4407.178803 -619.319208 -10416.504425 -12828.085930 -358.791347 48420.749722 -120369.309772 -4570.001000 113863.241018 34465.839802 5116.519819 33962.793403 9099.703848 
-96765.510211 165690.635639 30617.121785 -27877.667054 319502.467663 -38733.849757 -400220.059276 122871.941593 -36925.661406 1070298.289494 -91242.935485 213698.676840 252672.795777 -82531.078080 -23350.353047 585512.986184 -126246.541823 -23926.924316 139805.701648 -124075.314720 -102463.027931 -62031.015094 -601258.111379 11614.015432 -59771.762152 135103.752556 223056.156084 47932.814558 -82356.557984 39797.152921 342545.350652 -256030.256713 39311.844836 -905863.035659 4836.363659 8194.108219 170885.601963 -9578.866486 -305942.086031 -82079.453896 -59.397902 -161412.745239 113418.212398 121121.903971 -180646.870054 -10885.977789 41896.172393 19844.856632 42482.580077 94872.150912 
-61662.289913 -48163.845526 -3835.545957 202.591618 -6738.789882 2638.552768 -931.187608 -71762.690267 8403.805932 6577.358121 1612.595739 211534.546202 -24267.059680 -20151.957848 29724.188093 8345.735771 -3908.450682 10573.065584 103453.043250 92.003295 183.629029 10719.165769 -154309.676767 -2682.752507 -66176.454928 -7282.527953 361.788810 -12311.087164 -73309.342801 -3584.950943 13279.947588 2183.920422 22510.722987 -6810.499150 -1057.979150 10703.899663 -17608.030218 5863.166477 -24830.452559 1040.435483 855.106470 18169.292630 44468.895071 140910.691305 -14772.935710 52613.933107 -19565.701378 -19792.778407 -17923.608806 14999.698177 
1443.527755 12120.955193 4241.526391 6877.794064 14348.868213 13234.219513 -81659.035977 -68080.822025 39322.164576 84580.406856 -18738.062742 353467.994247 -42646.201129 14516.930149 -850.753301 24720.070851 7476.482045 -26589.134471 -110647.333851 1691.246137 19370.918995 -16052.836013 685016.839081 -134079.826750 -121589.920737 9976.675987 -26768.006414 16452.213429 36329.638844 -143836.843877 43308.098697 -38693.476651 -7089.805728 -6989.763427 5484.854253 -9746.868868 -8251.222713 8267.852790 -11478.557891 28713.204353 -17829.965713 -4655.141594 63307.535166 -567567.112961 6310.049750 -106812.503343 -4867.820353 -13771.177300 45172.617577 -33181.929960 
66520.505860 -4066.289915 53561.191236 -126.103515 2082.282532 -6279.737303 16838.690460 -79892.457962 4018.062168 4710.554514 -1620.288498 22907.746856 29628.571698 24457.908382 -11005.483815 3406.070994 -7879.659373 -1508.607956 -179558.831577 -1427.778721 15476.797032 18208.295431 -1050756.577337 60087.312227 43173.476723 37964.681038 -3949.747290 3216.956338 19287.784116 21638.660976 -16062.489904 -61841.508570 25255.588505 -11845.266818 7439.508955 -8597.313485 -20174.387387 -1324.595644 7349.079113 3816.231598 362.384022 16033.979314 73863.240345 -36850.579612 -1197.883948 -80861.914280 36613.998806 -4009.763848 -12800.565540 -6318.421907 
28345.823639 -15088.560631 -2458.472179 -12492.387061 18197.888139 -16724.530583 32989.982884 34338.230643 -15740.105478 63693.485470 34320.409063 34224.719033 -10522.126622 23577.211687 -3633.894033 -8608.788466 -6617.986596 3399.561087 62902.519667 12998.622451 -4777.725169 -4000.284986 3093190.276903 -11571.161636 102635.237522 42678.734615 160533.819785 -1103.044991 28124.977728 -13211.030864 84429.064332 -1329.830260 -27400.082701 16435.495902 -42660.779540 -34939.002735 74218.926527 1432.389298 -30263.812070 -7141.809077 35583.835959 -11703.114863 7239.450722 -94409.825658 1387.090529 -74073.188422 -23986.888590 5463.603885 721136.065113 -5530.936936 
-253357.529292 488003.654722 -1366062.364359 -178372.064280 -209784.145459 -68376.340629 39110.044635 -192388.156122 192248.015496 -214451.072432 -485487.667343 151296.232394 -338327.539537 32667.158007 135701.422987 -637612.870544 42465.982719 62264.390211 1402989.507346 -160462.947128 -84794.385495 -49152.626935 -1156804.106593 14030.218695 -202525.395510 -1568517.385118 -60172.341719 -1331293.473202 1577940.208094 313034.165132 -167527.789063 -226673.275187 -259781.248922 173048.036788 -149261.644002 142683.259458 -112472.877256 -543856.507555 3550586.240007 -147017.597302 33237.300948 107908.879736 172417.980144 700098.518463 -123088.673849 -396091.717511 378054.426261 -207994.254915 -1101326.598418 -618975.478372 
111329.273965 -77359.900094 24536.683461 -11018.887966 -40636.873258 14172.432372 -14371.018263 -139809.177379 8400.254956 19330.588018 -18160.092516 97393.904669 -28582.358970 -27174.995392 -5347.500463 -30315.241847 -132884.790282 5425.987747 -188500.531800 79590.131844 21368.019395 98887.024364 -1036330.762289 -33388.952283 9933.110918 -17042.504523 -31330.132645 -18469.236420 127856.082083 48178.268822 -22862.094179 -32992.690852 12791.931948 -12920.521329 36362.855031 -14624.852903 -131508.440357 37884.244896 -24829.129408 -50414.004251 -9175.092756 203177.507217 61331.319178 -50721.296910 21733.033253 195395.658972 -33365.143503 -20552.925954 18164.447060 -3582.689828 
-31994.133092 50863.514493 -9646.013148 4639.802948 -63046.867464 -14024.724129 -10398.676971 18570.805796 8380.432069 -43855.407910 -15102.689655 74667.816844 509.458968 33080.898537 -6327.825297 9103.616647 19659.540968 -79906.072548 -75674.126190 -6897.367690 -32942.896766 -93712.435655 -1184313.892511 -12373.013563 27062.739732 10496.678386 90218.475929 17576.206149 24157.499477 -526.462503 24792.077108 -4999.657866 -5256.296480 -17519.084995 59275.749843 4557.610823 -2726.444141 16655.492281 -28991.257938 6423.411003 -30545.904228 833.903181 37979.575887 -194548.410044 -4028.828183 -720829.809516 -33153.060422 -3249.791381 343287.763623 -84048.307318 
-33362.776078 -220995.023052 -10611.077843 12267.074301 205935.157661 -34014.299015 -45509.482685 -8330.528991 -15567.895590 29913.195697 35233.900802 -2525272.150089 72667.938535 -208006.776416 -15034.404375 -197172.525860 5332.193338 41479.512046 -2469.349457 13875.516080 13587.627170 -7737.124351 -29271333.703062 -22872.644573 -262983.198100 1613.026239 -509.240508 58165.492595 -52033.259391 -143150.755697 -158490.177598 410670.453798 15710.845607 107766.632419 -51021.691599 -10355.641677 -28017.436969 -22046.299495 -25965.944505 -7269.612535 3903.132319 -2991.520821 -94731.264116 -729530.952884 14921.633017 3093.020602 27995.872364 93134.168222 22680.496420 -1629.127048 
36433.923262 -23961.460701 -9118.294475 2007.552552 11672.504597 -5966.260783 1515.955465 8503.974431 -3546.174597 26420.847337 -6573.047265 5799.721610 -6667.135567 42441.953550 5369.790949 12655.642028 -21664.571139 1172.037034 15363.062966 9751.274306 11412.696276 -9489.777275 -1336288.466322 6504.095079 23815.515031 -12700.602796 40913.980204 -3529.938200 -25304.687665 -93122.329496 549.434177 -691.451864 -34145.751438 -12645.593586 222.696713 12101.462046 -8492.783747 3173.197325 -5835.445931 -20453.158529 11612.366095 23758.977941 -87631.276483 137847.544057 66643.741789 -1119210.938842 -6459.589428 16598.962527 26940.159935 -39266.815325 
30211.921501 73302.777586 20744.134988 12951.907410 -284.348253 -145.391345 24027.701922 42152.832534 18245.991653 -6092.722787 -2640.265115 -46948.864206 45842.373739 -42836.861378 -1682.083963 -1268.129452 -22348.240992 -11999.118336 -112810.009719 -7159.494306 -33536.852638 -22828.701658 -23113.875292 45767.685596 70508.627744 2511.128865 13999.973841 5518.270690 -13061.446235 -4515.720993 -30766.352214 19656.677929 -7816.778416 6365.107828 1869.590761 8089.239005 -57063.713877 10019.931224 -26262.086365 -9691.701650 330.672300 18826.939039 68591.722146 193754.464911 6174.183617 -215503.516487 9293.338319 11102.836521 -10923.663499 -16771.479358 
-87372.701357 -45470.293139 97494.717985 -226112.094013 -137319.065008 23999.194222 -218367.088652 -95690.163012 148092.099085 15151.186297 58152.192097 -66877.831783 167813.073087 -642101.873140 -18318.732796 -387889.412432 17755.262684 -72741.481094 111788.119078 -110797.147443 -208419.412926 -58269.996876 100808.003096 -121759.885969 288885.334021 -71612.779662 -943848.305726 -73011.383766 119623.815135 2354051.377249 59171.546874 -43528.911023 536902.365081 13570.341908 9582.046340 2453.199884 -380620.940568 -80298.189139 74605.735660 144712.404596 296801.959836 -105188.543225 -71656.031002 212488.287163 -55938.472763 11310.760914 -79020.806311 -674439.246075 -41065.291674 1281008.629763 
36255.589932 70342.794337 -7044.892375 1298.588605 -15830.529348 -9564.339140 54853.137548 21097.436933 -16313.898884 -8408.619229 6007.200925 6760.049126 8951.402238 66234.308545 1411.554652 -6607.015141 2488.406920 -4144.529401 278109.171412 -19257.830787 -84039.235743 14573.288548 5058099.095211 -23999.128642 19078.486562 48346.800084 9944.007668 4542.122876 -30626.415878 -5972.312299 -12746.942522 -30246.311047 -15035.931428 -1041.326659 8545.117996 -35125.741759 -275485.633891 18973.103116 -21146.932393 -18517.553184 -9053.462433 -10688.672191 -14901.682033 -466285.320063 41445.645396 -845698.663490 -13402.141215 16864.031386 -138258.739867 -49957.746826 
54635.573378 -40189.909033 -4770.837793 -2403.663176 24982.808501 478.998207 8200.751204 -2394.128344 -3361.942667 3142.657624 -12976.733467 54937.694035 -2528.621534 105540.133791 17378.136993 18225.933968 -192.632349 -3254.530848 69377.724241 -9905.454665 20080.160917 -52567.110257 -6361349.164481 -28813.681515 -220623.507049 3428.699866 15086.738935 22403.217423 -34894.575230 -91230.903756 2195.423032 32321.894659 34828.735311 -3073.665783 11368.558191 -21367.680949 -10950.202464 379.084169 -11618.205480 -21423.452944 -1092.219054 -3126.035586 -15372.463512 -113334.901734 18776.434560 -213692.765875 -54990.375651 12645.146559 -31871.908858 -76919.916361 
-380015.376823 -1677.123594 4197.063960 -2770.982799 -4613.892398 -17226.975449 3183.317354 8894.437467 11528.918947 -10079.901386 -2280.302956 78633.257557 5409.472991 -69475.124761 -14618.681047 15642.154417 41583.392421 -4938.687314 75687.926243 -12937.107581 -54354.777780 -1068.726345 3113224.065871 -13316.373968 62440.524447 23193.188728 7061.811661 12967.485821 -80188.326142 4660.308616 15941.642672 32702.298457 1251.043962 -1981.509948 -15463.316596 -10431.980747 13941.707888 -1927.426959 160616.407869 17785.324399 -15905.752857 -23588.329631 -43058.727578 -137428.091964 -6978.436937 305562.502782 -13549.865125 5027.192604 22542.411748 -29165.570170 
-10094.430687 44983.445629 -5277.624108 7565.845755 -12227.311848 -8081.249141 -11394.281900 -8985.253706 3237.962891 -30980.758465 -12802.210089 -42358.973151 -258821.117981 373337.352395 -22380.635249 9907.066163 -7065.307836 71021.983193 78424.674796 24513.064264 8441.503654 21900.315516 173628.543685 -4084.236506 -43895.761124 -16366.248008 -77837.932704 -11718.954825 27442.139903 -10149.155022 -58731.145748 -9163.186979 1683.008036 761.883075 96547.075711 350123.244249 79812.834171 -19006.120500 24157.573449 109726.308575 18976.233609 33297.463938 -66201.751565 250811.030462 15733.173886 -94378.400959 73158.394114 -8476.410832 -12362.349814 -6838.855584 
-54820.205589 -14874.192757 53951.185600 -13372.106727 -1745.339360 -2815.042567 87452.740565 427230.768619 -925.090596 -20627.523501 -3311.039068 63595.298462 14570.509235 -79775.361419 59013.820539 52107.741307 8404.019954 -12363.598247 246056.267877 -17352.280118 907.767965 -44237.643377 2289827.467741 16596.268369 -55583.583774 4604.840658 -34775.692662 -240.366575 -21481.729248 32226.872302 -5192.225033 12031.651669 58707.817680 -7380.969226 -6342.140946 -13168.885447 -11701.881514 3139.961035 -12032.134001 4606.897906 11930.762420 18789.182212 14008.618289 189623.006720 12592.182433 350250.799208 -15861.973626 97.913290 -139714.830824 -15256.225978 
-3337.607088 -83432.957715 1718.574966 59204.849666 102532.345689 37116.691937 52119.828147 -22111.963899 17611.472172 15926.158552 -34458.994346 -13088.644709 -28112.241382 -241626.230793 48152.444242 65956.357549 -6003.905649 -55055.422181 -137686.571711 31726.321411 58144.233067 -5504.354170 -737765.493021 2572.883081 -234820.115289 -46289.174566 -327376.672902 39890.353548 -56223.288758 -347806.541206 -231073.309013 13672.186348 -80528.271282 70398.727929 -111349.704838 46784.627221 53966.073239 3658.559026 202832.590850 -210.061242 634.948868 -3524.733297 -2302942.957558 -6102.638805 919146.475833 17391.912863 -11234.189485 108137.292025 -1967560.488179 -197409.516598 
-13009.675623 22242.765160 94465.863163 28802.474358 15914.471634 3792.635933 -156071.771832 -118600.565017 -170687.089523 -101329.092348 35150.083021 -83392.889148 43082.428246 4844.015598 4302.803411 68449.314187 -18477.904667 22423.023297 -322294.829724 -38608.241405 -6000.085278 1067666.616947 -320683.688589 -38290.696940 -85681.599112 -45083.453621 23863.063162 -280018.199775 -7222.516406 69684.418439 21856.419809 55608.418067 -14695.643792 25705.078874 79973.494565 -8125.683075 -9514.255706 19177.438749 -13871.826443 -43458.310428 -79623.058562 237975.337648 -50076.650512 -170383.805424 -98602.666527 469577.701856 28849.586391 46216.514354 -21623.247068 -22725.877402 
-306649.747857 1053811.160732 63172.473875 -3691.988864 30327.673950 -33847.396726 4695.832926 -14141.276380 -21289.570221 -68757.029292 11017.883776 -23849.902312 76215.847924 39503.247368 9292.719686 -48542.122975 206935.143855 10898.578535 124823.428519 -103085.397384 2704.108342 -2291.327926 1751002.883981 325124.536275 -33892.063048 34187.428533 68608.153717 -17195.377828 -158205.979872 -98723.610888 16589.701560 16905.638141 -7250.409245 21535.283247 -14314.191157 41895.096753 209160.823714 -17975.881178 20903.915901 99585.137300 70771.336873 -250855.498897 -293429.834272 3335568.898584 76922.388988 -28906.485786 57098.877122 -3895.365171 -21435.703665 239704.300667 
50611.891700 -98268.395807 -19425.677369 -9499.298156 21419.107067 -1829.423482 -20205.419627 54827.042192 13934.979811 15179.721163 4152.342264 -1072529.755465 -8507.991212 -3271.766879 -10530.240895 -64999.085368 8386.772604 -193601.807572 -306136.191182 46223.392937 -85220.327151 -93287.910537 -93073.880430 12140.644946 42168.890384 18234.888989 -7686.877760 27696.352750 -292238.270349 -35322.957911 -76791.279317 81782.201737 -15371.024030 54822.927578 -5453.901700 -1867.366585 -15947.434630 19173.489269 87868.073916 22255.742185 7195.328554 -29923.869391 69526.266342 -9250.519236 -6635.702109 159465.299109 -5992.943741 49913.687192 -12432.301607 24210.645986 
